0 11
0 11
0 11
0 11
0 11
0 11
0 11
0 11
0 11
0 11
0 11
0 11
0 11
0 11
0 11
0 11
0 11
0 11
0 11
0 11
0 11
0 11
0 11
0 11
0 11
0 11
0 11
0 11
0 11
0 11
0 11
0 11
0 11
0 11
0 11
0 11
0 11
0 11
0 11
0 11
0 11
0 12
0 12
0 12
0 12
0 12
0 12
0 12
0 12
0 12
0 12
0 12
0 12
0 12
0 12
0 12
0 12
0 12
0 12
0 12
0 12
0 12
0 12
0 12
0 12
0 12
0 12
0 12
0 12
0 12
0 12
0 12
0 12
0 12
0 12
0 12
0 12
0 12
0 12
0 12
0 12
0 12
0 12
1 0
1 0
1 0
1 0
1 0
1 0
1 0
1 0
1 0
1 0
1 0
1 0
1 0
1 0
1 0
1 0
1 0
1 0
1 0
1 0
1 0
1 0
1 0
1 0
1 0
1 1
1 1
1 1
1 1
1 1
1 1
1 1
1 1
1 1
1 1
1 1
1 1
1 1
1 1
1 1
1 1
1 1
1 1
1 1
1 1
1 1
1 1
1 1
1 1
1 2
1 2
1 2
1 2
1 2
1 2
1 2
1 2
1 2
1 2
1 2
1 2
1 2
1 2
1 2
1 2
1 2
1 2
1 2
1 2
1 2
1 2
1 2
1 2
1 2
1 2
1 2
1 2
1 2
1 2
1 2
1 2
1 2
1 2
1 2
1 2
1 2
1 2
1 2
1 2
1 2
1 2
1 2
1 2
1 2
1 2
1 2
1 2
1 2
1 2
2 2
2 2
2 2
2 2
2 2
2 2
2 2
2 2
2 2
2 2
2 2
2 2
2 2
2 2
2 2
2 2
2 2
2 2
2 2
2 2
2 2
2 2
2 2
2 2
2 2
2 2
2 2
2 2
2 2
2 2
2 2
2 2
2 2
2 2
2 2
2 2
2 2
2 3
2 3
2 3
2 3
2 3
2 3
2 3
2 3
2 3
2 3
2 3
2 3
2 3
2 3
2 3
2 3
2 3
2 3
2 3
2 3
2 3
2 3
2 3
2 3
2 3
2 3
2 3
2 3
2 3
2 3
2 3
2 3
2 3
2 3
2 3
2 3
2 3
2 3
2 3
2 3
2 3
2 3
2 3
2 3
2 3
2 3
2 3
2 3
2 3
2 3
2 3
2 3
2 3
2 3
2 3
2 3
2 3
2 3
2 3
2 3
2 3
2 3
3 3
3 3
3 3
3 3
3 3
3 3
3 3
3 3
3 3
3 3
3 3
3 3
3 3
3 3
3 3
3 3
3 3
3 3
3 3
3 3
3 3
3 3
3 3
3 3
3 3
3 4
3 4
3 4
3 4
3 4
3 4
3 4
3 4
3 4
3 4
3 4
3 4
3 4
3 4
3 4
3 4
3 4
3 4
3 4
3 4
3 4
3 4
3 4
3 4
3 5
3 5
3 5
3 5
3 5
3 5
3 5
3 5
3 5
3 5
3 5
3 5
3 5
3 5
3 5
3 5
3 5
3 5
3 5
3 5
3 5
3 5
3 5
3 5
3 5
3 5
3 5
3 5
3 5
3 5
3 5
3 5
3 5
3 5
3 5
3 5
3 5
3 5
3 5
3 5
3 5
3 5
3 5
3 5
3 5
3 5
3 5
3 5
3 5
3 5
4 5
4 5
4 5
4 5
4 5
4 5
4 5
4 5
4 5
4 5
4 5
4 5
4 5
4 5
4 5
4 5
4 5
4 5
4 5
4 5
4 5
4 5
4 5
4 5
4 5
4 5
4 5
4 5
4 5
4 5
4 5
4 5
4 5
4 5
4 5
4 5
4 5
4 6
4 6
4 6
4 6
4 6
4 6
4 6
4 6
4 6
4 6
4 6
4 6
4 6
4 6
4 6
4 6
4 6
4 6
4 6
4 6
4 6
4 6
4 6
4 6
4 6
4 6
4 6
4 6
4 6
4 6
4 6
4 6
4 6
4 6
4 6
4 6
4 6
4 6
4 6
4 6
4 6
4 6
4 6
4 6
4 6
4 6
4 6
4 6
4 6
4 6
4 6
4 6
4 6
4 6
4 6
4 6
4 6
4 6
4 6
4 6
4 6
4 6
5 6
5 6
5 6
5 6
5 6
5 6
5 6
5 6
5 6
5 6
5 6
5 6
5 6
5 6
5 6
5 6
5 6
5 6
5 6
5 6
5 6
5 6
5 6
5 6
5 6
5 7
5 7
5 7
5 7
5 7
5 7
5 7
5 7
5 7
5 7
5 7
5 7
5 7
5 7
5 7
5 7
5 7
5 7
5 7
5 7
5 7
5 7
5 7
5 7
5 8
5 8
5 8
5 8
5 8
5 8
5 8
5 8
5 8
5 8
5 8
5 8
5 8
5 8
5 8
5 8
5 8
5 8
5 8
5 8
5 8
5 8
5 8
5 8
5 8
5 8
5 8
5 8
5 8
5 8
5 8
5 8
5 8
5 8
5 8
5 8
5 8
5 8
5 8
5 8
5 8
5 8
5 8
5 8
5 8
5 8
5 8
5 8
5 8
5 8
6 8
6 8
6 8
6 8
6 8
6 8
6 8
6 8
6 8
6 8
6 8
6 8
6 8
6 8
6 8
6 8
6 8
6 8
6 8
6 8
6 8
6 8
6 8
6 8
6 8
6 8
6 8
6 8
6 8
6 8
6 8
6 8
6 8
6 8
6 8
6 8
6 8
6 9
6 9
6 9
6 9
6 9
6 9
6 9
6 9
6 9
6 9
6 9
6 9
6 9
6 9
6 9
6 9
6 9
6 9
6 9
6 9
6 9
6 9
6 9
6 9
6 9
6 9
6 9
6 9
6 9
6 9
6 9
6 9
6 9
6 9
6 9
6 9
6 9
6 9
6 9
6 9
6 9
6 9
6 9
6 9
6 9
6 9
6 9
6 9
6 9
6 9
6 9
6 9
6 9
6 9
6 9
6 9
6 9
6 9
6 9
6 9
6 9
6 9
7 9
7 9
7 9
7 9
7 9
7 9
7 9
7 9
7 9
7 9
7 9
7 9
7 9
7 9
7 9
7 9
7 9
7 9
7 9
7 9
7 9
7 9
7 9
7 9
7 9
7 10
7 10
7 10
7 10
7 10
7 10
7 10
7 10
7 10
7 10
7 10
7 10
7 10
7 10
7 10
7 10
7 10
7 10
7 10
7 10
7 10
7 10
7 10
7 10
7 11
7 11
7 11
7 11
7 11
7 11
7 11
7 11
7 11
7 11
7 11
7 11
7 11
7 11
7 11
7 11
7 11
7 11
7 11
7 11
7 11
7 11
7 11
7 11
7 11
7 11
7 11
7 11
7 11
7 11
7 11
7 11
7 11
7 11
7 11
7 11
7 11
7 11
7 11
7 11
7 11
7 11
7 11
7 11
7 11
7 11
7 11
7 11
7 11
7 11
8 11
8 11
8 11
8 11
8 11
8 11
8 11
8 11
8 11
8 11
8 11
8 11
8 11
8 11
8 11
8 11
8 11
8 11
8 11
8 11
8 11
8 11
8 11
8 11
8 11
8 11
8 11
8 11
8 11
8 11
8 11
8 11
8 11
8 11
8 11
8 11
8 11
8 12
8 12
8 12
8 12
8 12
8 12
8 12
8 12
8 12
8 12
8 12
8 12
8 12
8 12
8 12
8 12
8 12
8 12
8 12
8 12
8 12
8 12
8 12
8 12
8 12
8 12
8 12
8 12
8 12
8 12
8 12
8 12
8 12
8 12
8 12
8 12
8 12
8 12
8 12
8 12
8 12
8 12
8 12
8 12
8 12
8 12
8 12
8 12
8 12
8 12
8 12
8 12
8 12
8 12
8 12
8 12
8 12
8 12
8 12
8 12
8 12
8 12
9 12
9 12
9 12
9 12
9 12
9 12
9 12
9 12
9 12
9 12
9 12
9 12
9 12
9 12
9 12
9 12
9 12
9 12
9 12
9 12
9 12
9 12
9 12
9 12
9 12
9 13
9 13
9 13
9 13
9 13
9 13
9 13
9 13
9 13
9 13
9 13
9 13
9 13
9 13
9 13
9 13
9 13
9 13
9 13
9 13
9 13
9 13
9 13
9 13
9 14
9 14
9 14
9 14
9 14
9 14
9 14
9 14
9 14
9 14
9 14
9 14
9 14
9 14
9 14
9 14
9 14
9 14
9 14
9 14
9 14
9 14
9 14
9 14
9 14
9 14
9 14
9 14
9 14
9 14
9 14
9 14
9 14
9 14
9 14
9 14
9 14
9 14
9 14
9 14
9 14
9 14
9 14
9 14
9 14
9 14
9 14
9 14
9 14
9 14
10 14
10 14
10 14
10 14
10 14
10 14
10 14
10 14
10 14
10 14
10 14
10 14
10 14
10 14
10 14
10 14
10 14
10 14
10 14
10 14
10 14
10 14
10 14
10 14
10 14
10 14
10 14
10 14
10 14
10 14
10 14
10 14
10 14
10 14
10 14
10 14
10 14
10 15
10 15
10 15
10 15
10 15
10 15
10 15
10 15
10 15
10 15
10 15
10 15
10 15
10 15
10 15
10 15
10 15
10 15
10 15
10 15
10 15
10 15
10 15
10 15
10 15
10 15
10 15
10 15
10 15
10 15
10 15
10 15
10 15
10 15
10 15
10 15
10 15
10 15
10 15
10 15
10 15
10 15
10 15
10 15
10 15
10 15
10 15
10 15
10 15
10 15
10 15
10 15
10 15
10 15
10 15
10 15
10 15
10 15
10 15
10 15
10 15
10 15
11 15
11 15
11 15
11 15
11 15
11 15
11 15
11 15
11 15
11 15
11 15
11 15
11 15
11 15
11 15
11 15
11 15
11 15
11 15
11 15
11 15
11 15
11 15
11 15
11 15
11 16
11 16
11 16
11 16
11 16
11 16
11 16
11 16
11 16
11 16
11 16
11 16
11 16
11 16
11 16
11 16
11 16
11 16
11 16
11 16
11 16
11 16
11 16
11 16
11 17
11 17
11 17
11 17
11 17
11 17
11 17
11 17
11 17
11 17
11 17
11 17
11 17
11 17
11 17
11 17
11 17
11 17
11 17
11 17
11 17
11 17
11 17
11 17
11 17
11 17
11 17
11 17
11 17
11 17
11 17
11 17
11 17
11 17
11 17
11 17
11 17
11 17
11 17
11 17
11 17
11 17
11 17
11 17
11 17
11 17
11 17
11 17
11 17
11 17
12 17
12 17
12 17
12 17
12 17
12 17
12 17
12 17
12 17
12 17
12 17
12 17
12 17
12 17
12 17
12 17
12 17
12 17
12 17
12 17
12 17
12 17
12 17
12 17
12 17
12 17
12 17
12 17
12 17
12 17
12 17
12 17
12 17
12 17
12 17
12 17
12 17
12 18
12 18
12 18
12 18
12 18
12 18
12 18
12 18
12 18
12 18
12 18
12 18
12 18
12 18
12 18
12 18
12 18
12 18
12 18
12 18
12 18
12 18
12 18
12 18
12 18
12 18
12 18
12 18
12 18
12 18
12 18
12 18
12 18
12 18
12 18
12 18
12 18
12 18
12 18
12 18
12 18
12 18
12 18
12 18
12 18
12 18
12 18
12 18
12 18
12 18
12 18
12 18
12 18
12 18
12 18
12 18
12 18
12 18
12 18
12 18
12 18
12 18
13 18
13 18
13 18
13 18
13 18
13 18
13 18
13 18
13 18
13 18
13 18
13 18
13 18
13 18
13 18
13 18
13 18
13 18
13 18
13 18
13 18
13 18
13 18
13 18
13 18
13 19
13 19
13 19
13 19
13 19
13 19
13 19
13 19
13 19
13 19
13 19
13 19
13 19
13 19
13 19
13 19
13 19
13 19
13 19
13 19
13 19
13 19
13 19
13 19
13 20
13 20
13 20
13 20
13 20
13 20
13 20
13 20
13 20
13 20
13 20
13 20
13 20
13 20
13 20
13 20
13 20
13 20
13 20
13 20
13 20
13 20
13 20
13 20
13 20
13 20
13 20
13 20
13 20
13 20
13 20
13 20
13 20
13 20
13 20
13 20
13 20
13 20
13 20
13 20
13 20
13 20
13 20
13 20
13 20
13 20
13 20
13 20
13 20
13 20
14 20
14 20
14 20
14 20
14 20
14 20
14 20
14 20
14 20
14 20
14 20
14 20
14 20
14 20
14 20
14 20
14 20
14 20
14 20
14 20
14 20
14 20
14 20
14 20
14 20
14 20
14 20
14 20
14 20
14 20
14 20
14 20
14 20
14 20
14 20
14 20
14 20
14 21
14 21
14 21
14 21
14 21
14 21
14 21
14 21
14 21
14 21
14 21
14 21
14 21
14 21
14 21
14 21
14 21
14 21
14 21
14 21
14 21
14 21
14 21
14 21
14 21
14 21
14 21
14 21
14 21
14 21
14 21
14 21
14 21
14 21
14 21
14 21
14 21
14 21
14 21
14 21
14 21
14 21
14 21
14 21
14 21
14 21
14 21
14 21
14 21
14 21
14 21
14 21
14 21
14 21
14 21
14 21
14 21
14 21
14 21
14 21
14 21
14 21
15 21
15 21
15 21
15 21
15 21
15 21
15 21
15 21
15 21
15 21
15 21
15 21
15 21
15 21
15 21
15 21
15 21
15 21
15 21
15 21
15 21
15 21
15 21
15 21
15 21
15 22
15 22
15 22
15 22
15 22
15 22
15 22
15 22
15 22
15 22
15 22
15 22
15 22
15 22
15 22
15 22
15 22
15 22
15 22
15 22
15 22
15 22
15 22
15 22
15 23
15 23
15 23
15 23
15 23
15 23
15 23
15 23
15 23
15 23
15 23
15 23
15 23
15 23
15 23
15 23
15 23
15 23
15 23
15 23
15 23
15 23
15 23
15 23
15 23
15 23
15 23
15 23
15 23
15 23
15 23
15 23
15 23
15 23
15 23
15 23
15 23
15 23
15 23
15 23
15 23
15 23
15 23
15 23
15 23
15 23
15 23
15 23
15 23
15 23
16 23
16 23
16 23
16 23
16 23
16 23
16 23
16 23
16 23
16 23
16 23
16 23
16 23
16 23
16 23
16 23
16 23
16 23
16 23
16 23
16 23
16 23
16 23
16 23
16 23
16 23
16 23
16 23
16 23
16 23
16 23
16 23
16 23
16 23
16 23
16 23
16 23
16 24
16 24
16 24
16 24
16 24
16 24
16 24
16 24
16 24
16 24
16 24
16 24
16 24
16 24
16 24
16 24
16 24
16 24
16 24
16 24
16 24
16 24
16 24
16 24
16 24
16 24
16 24
16 24
16 24
16 24
16 24
16 24
16 24
16 24
16 24
16 24
16 24
16 24
16 24
16 24
16 24
16 24
16 24
16 24
16 24
16 24
16 24
16 24
16 24
16 24
16 24
16 24
16 24
16 24
16 24
16 24
16 24
16 24
16 24
16 24
16 24
16 24
17 24
17 24
17 24
17 24
17 24
17 24
17 24
17 24
17 24
17 24
17 24
17 24
17 24
17 24
17 24
17 24
17 24
17 24
17 24
17 24
17 24
17 24
17 24
17 24
17 24
17 25
17 25
17 25
17 25
17 25
17 25
17 25
17 25
17 25
17 25
17 25
17 25
17 25
17 25
17 25
17 25
17 25
17 25
17 25
17 25
17 25
17 25
17 25
17 25
17 26
17 26
17 26
17 26
17 26
17 26
17 26
17 26
17 26
17 26
17 26
17 26
17 26
17 26
17 26
17 26
17 26
17 26
17 26
17 26
17 26
17 26
17 26
17 26
17 26
17 26
17 26
17 26
17 26
17 26
17 26
17 26
17 26
17 26
17 26
17 26
17 26
17 26
17 26
17 26
17 26
17 26
17 26
17 26
17 26
17 26
17 26
17 26
17 26
17 26
18 26
18 26
18 26
18 26
18 26
18 26
18 26
18 26
18 26
18 26
18 26
18 26
18 26
18 26
18 26
18 26
18 26
18 26
18 26
18 26
18 26
18 26
18 26
18 26
18 26
18 26
18 26
18 26
18 26
18 26
18 26
18 26
18 26
18 26
18 26
18 26
18 26
18 27
18 27
18 27
18 27
18 27
18 27
18 27
18 27
18 27
18 27
18 27
18 27
18 27
18 27
18 27
18 27
18 27
18 27
18 27
18 27
18 27
18 27
18 27
18 27
18 27
18 27
18 27
18 27
18 27
18 27
18 27
18 27
18 27
18 27
18 27
18 27
18 27
18 27
18 27
18 27
18 27
18 27
18 27
18 27
18 27
18 27
18 27
18 27
18 27
18 27
18 27
18 27
18 27
18 27
18 27
18 27
18 27
18 27
18 27
18 27
18 27
18 27
19 27
19 27
19 27
19 27
19 27
19 27
19 27
19 27
19 27
19 27
19 27
19 27
19 27
19 27
19 27
19 27
19 27
19 27
19 27
19 27
19 27
19 27
19 27
19 27
19 27
19 28
19 28
19 28
19 28
19 28
19 28
19 28
19 28
19 28
19 28
19 28
19 28
19 28
19 28
19 28
19 28
19 28
19 28
19 28
19 28
19 28
19 28
19 28
19 28
19 29
19 29
19 29
19 29
19 29
19 29
19 29
19 29
19 29
19 29
19 29
19 29
19 29
19 29
19 29
19 29
19 29
19 29
19 29
19 29
19 29
19 29
19 29
19 29
19 29
19 29
19 29
19 29
19 29
19 29
19 29
19 29
19 29
19 29
19 29
19 29
19 29
19 29
19 29
19 29
19 29
19 29
19 29
19 29
19 29
19 29
19 29
19 29
19 29
19 29
20 29
20 29
20 29
20 29
20 29
20 29
20 29
20 29
20 29
20 29
20 29
20 29
20 29
20 29
20 29
20 29
20 29
20 29
20 29
20 29
20 29
20 29
20 29
20 29
20 29
20 29
20 29
20 29
20 29
20 29
20 29
20 29
20 29
20 29
20 29
20 29
20 29
20 30
20 30
20 30
20 30
20 30
20 30
20 30
20 30
20 30
20 30
20 30
20 30
20 30
20 30
20 30
20 30
20 30
20 30
20 30
20 30
20 30
20 30
20 30
20 30
20 30
20 30
20 30
20 30
20 30
20 30
20 30
20 30
20 30
20 30
20 30
20 30
20 30
20 30
20 30
20 30
20 30
20 30
20 30
20 30
20 30
20 30
20 30
20 30
20 30
20 30
20 30
20 30
20 30
20 30
20 30
20 30
20 30
20 30
20 30
20 30
20 30
20 30
